TRACKONE
12218 12491 11965 11865 11902 11727 11914 11973 11738 11701 11413 11702 11076 11274 5750 5901 
11225 5651 5450 5400 5563 5699 5550 5549 5499 5600 5474 5613 5450 10851 5388 5400 
5463 5562 10525 10600 10549 5275 5124 10474 10312 5087 5162 5225 5325 10349 10224 5137 
5149 5200 5061 10048 4973 5111 5086 5099 10010 5062 4873 9759 4937 4999 4850 4998 
9510 9534 9747 4722 4723 9696 9396 4674 4785 9321 4648 4635 4724 4759 9296 4860 
4584 9345 4760 4635 8995 4736 4711 4622 4698 9334 9420 4723 4597 4610 4748 9231 
9170 9358 9246 4435 4485 9145 9232 4473 4385 9143 9320 4360 4235 8957 4798 4797 
8732 3984 4284 4748 5023 9697 4236 3945 4035 4510 9598 9046 9007 4486 4434 9007 
9309 4636 4510 8908 4547 4635 9359 4461 4485 4347 4435 9108 4610 4410 4448 4535 
8920 4573 4485 8907 4535 4473 8994 4498 4385 4347 4536 8933 8719 4673 4460 4410 
4511 8744 8983 4524 4586 9021 8883 4473 4672 8933 4598 4498 8809 4422 4624 4422 
4423 8945 4510 4448 4560 4497 8895 8757 8933 4510 4560 8720 8857 4461 4547 8732 
4473 4422 8832 4398 4548 4297 4460 8970 4648 4322 4297 4560 8958 8707 8832 4435 
4561 8532 8820 4497 4435 8508 4510 4423 8695 4335 4348 4284 4337 8593 8820 4435 
4435 4335 4435 8819 9020 4335 4435 8696 8970 4411 4473 8720 4460 4360 8794 4523 
4510 4310 4473 8707 4460 4297 4598 4410 8595 8731 8832 4222 4401 8806 8870 4360 
4485 8882 4498 4410 8720 4473 4610 8807 8870 8919 4510 4385 8895 8995 9119 9008 
9133 4585 4536 9045 4710 4523 4560 4660 9133 4523 4636 9221 9220 4598 4598 9246 
9584 9282 4910 4773 9722 4798 4861 4710 4860 9410 9157 9510 9033 9308 9609 9358 
10360 10361 10523 10786 10221 10271 9847 9232 9670 8693 10146 9750 10407 8431
TRACKTWO
4573 3458 4398 3834 4511 3897 4198 4259 4335 3985 4372 4010 4361 4047 4310 3896 
4285 3934 4248 3960 4247 4009 4311 3896 4260 3922 4071 3771 4010 3859 4110 3833 
3897 4084 4209 3771 3971 3807 4058 3796 4096 3783 4096 3821 3972 3671 4046 3708 
3934 3771 4009 3759 3947 3658 3809 3620 3884 3708 3872 3820 3909 3758 3921 3684 
3758 3571 3771 3621 3746 3583 3683 3646 3922 3657 3783 3670 3683 3483 3984 3682 
3821 3596 3684 3584 3721 3458 3696 3521 3645 3647 3709 3495 3746 3484 3532 3396 
3633 3308 3659 3508 3532 3434 3571 3370 3558 3433 3584 3432 3496 3358 3496 3308 
3508 3396 3570 3521 3508 3321 3558 3270 3473 3418 3483 3408 3483 3383 3420 3358 
3395 3332 3445 3295 3445 3257 3520 3283 3420 3295 3358 3320 3395 3282 3382 3232 
3358 3108 3307 3195 3458 3233 3320 3170 3395 3107 3195 3170 3207 3045 3282 3157 
3307 3082 3132 3069 3282 3157 3382 3145 3157 3094 3132 3095 3244 3158 1590 1516 
1641 1466 1553 1592 1554 1553 1591 1491 1653 1516 3258 3044 3294 1428 1516 3070 
3344 3081 3119 1541 1565 2982 3244 3107 3207 1528 1541 2894 3019 3045 3257 1453 
1554 3082 3194 3057 3232 1454 1541 3019 3257 3082 3295 1503 1515 3120 3144 3007 
3131 1541 1591 3056 3307 2931 3144 1554 1528 2906 3145 2969 3345 1440 1641 3044 
3145 2944 3094 1366 1566 2882 3044 2994 3282 1466 1540 3057 3069 2869 3057 1441 
1516 2943 3144 2969 3257 1465 1641 3007 3019 2782 2818 1441 1453 2919 3144 3182 
3257 1554 1578 2944 2919 2794 2843 1278 1403 2818 3183 3219 3395 1691 1728 3183 
3094 2857 2744 1265 1291 2668 2882 3057 3233 1528 1617 3083 3106 2957 3120 1466 
1503 3006 3007 2932 3032 1441 1478 2956 3057 2994 3144 1504 1578 3108 3082 3007 
3032 1465 1554 2932 3019 3019 3119 1415 1604 3032 3157 3157 3045 1403 1529 2944 
2945 2931 2956 1530 1490 3032 3106 3020 2994 1466 1503 2832 3119 2894 3207 1416 
1466 2919 3132 2881 3020 1466 1553 2856 3107 2982 3107 1415 1504 2868 2994 3032 
2994 3020 1516 1378 2931 2920 2956 3158 1528 1391 2969 2869 2969 3057 1541 1403 
2956 3019 2957 2995 1579 1440 2945 2906 2907 2981 1528 1491 2996 2981 3070 3058 
1553 1504 3019 2945 2994 2945 1491 1390 3032 3020 3131 3032 1566 1441 3082 2957 
3057 2831 1642 1428 2957 2920 3057 2957 1541 1503 3019 2932 2944 2995 1553 1403 
3019 2982 2970 2994 1566 1479 3019 2956 2994 3019 1478 1453 2970 2882 2969 2969 
1465 1467 1503 1491 3032 1541 1504 3006 1503 1441 1503 1404 2919 1478 1478 1441 
1453 2982 1566 1378 3032 3019 1466 1491 1465 1429 1491 1427 2957 1516 1441 2956 
1491 1491 1490 1479 2919 1504 1528 1391 1516 2919 2944 2919 1503 1429 3032 2994 
1528 1466 3081 1529 1453 1479 1453 2869 2969 2881 3020 3069 1529 1440 2994 2882 
1491 1378 2881 2944 1478 1466 2982 1491 1516 2982 1503 1391 2894 2794 2957 1453 
1491 2932 1541 1428 2932 1503 1479 2831 1491 1417 2893 2931 1504 1466 2957 2882 
2931 2907 1441 1403 2894 2869 2945 2906 1466 1391 2869 2819 1528 1403 2919 1517 
1466 2919 1503 1441 1541 1415 2932 1454 1478 2882 1478 1453 1466 1440 2994 1503 
1553 1479 1491 2982 2982 2906 1541 1391 2881 2907 1541 1428 2982 1479 1491 2969 
1504 1453 2970 2906 2983 2806 1628 1454 2944 2894 1516 1441 2894 2894 2969 2970 
1565 1391 3006 3007 2957 2920 1541 1428 2931 2857 3006 2932 1491 1428 2981 2932 
3007 2931 1504 1403 2819 2895 1503 1391 2981 1466 1490 2932 1504 1440 2881 2869 
1479 1403 2844 2919 1529 1403 3095 1466 1428 2919 1528 1429 2982 2894 2932 2982 
1503 1466 3057 2931 2994 2870 1491 1403 2894 2969 3082 2970 1541 1478 3007 2880 
2995 2919 1516 1453 2931 2932 3057 2918 1554 1466 2956 2907 2981 2932 1528 1491 
2994 3007 3106 3007 1528 1491 3044 2982 3106 2832 1653 1516 2995 3057 3132 3032 
1578 1541 3045 2994 3082 2944 1578 1491 3019 3069 3119 3020 1578 1554 2869 3182 
3070 3019 1554 1503 3107 3007 3157 3044 1604 1516 3044 3045 3094 3032 1554 1516 
3120 3081 3169 3233 1590 1604 3157 3094 3169 3182 1616 1591 3219 3245 3245 3219 
1642 1578 3207 1591 1604 3169 1653 1604 1578 1604 3170 3145 3082 3069 3081 3032 
3245 3120 2970 3245 2969 2931 3057 3107 3182 3257 3207 3069 3208 3031 3220 3382 
3483 3420 3633 3408 3471 3495 3407 3507 3683 3621 3532 3483 3382 3306 3508 3407 
3457 3470 3232 3094 3120 3031 3132 3320 3256 3106 3019 2806 2893 3182 3407 3482 
3433 3244 3157 3295 3407 3659 3946 3821
TRACKTHREE







